test
16 16 1
1111111111111111
1111111111111111
1111111111111111
1111111111111111
1111111111111111
1111111111111111
1111111111111111
1111111111111111
1111111111111111
1111111111111111
1111111111111111
1111111111111111
1111111111111111
1111111111111111
1111111111111111
1111111111111111
-
r1
10 10 10
1111111111
1111111111
1111111111
1111111111
1111111111
1111111111
1111111111
1111111111
1111111111
1111111111
-
r2
16 16 40
1111111111111111
1111111111111111
1111111111111111
1111111111111111
1111111111111111
1111111111111111
1111111111111111
1111111111111111
1111111111111111
1111111111111111
1111111111111111
1111111111111111
1111111111111111
1111111111111111
1111111111111111
1111111111111111
-
r3
30 16 99
111111111111111111111111111111
111111111111111111111111111111
111111111111111111111111111111
111111111111111111111111111111
111111111111111111111111111111
111111111111111111111111111111
111111111111111111111111111111
111111111111111111111111111111
111111111111111111111111111111
111111111111111111111111111111
111111111111111111111111111111
111111111111111111111111111111
111111111111111111111111111111
111111111111111111111111111111
111111111111111111111111111111
111111111111111111111111111111
-
c
15 15 25
000001111100000
000111111111000
001111111111110
011111111111110
011111111111110
111111111111111
111111111111111
111111111111111
111111111111111
111111111111111
011111111111110
011111111111110
001111111111100
000111111111000
000001111100000
-
tr
19 19 30
0000000001000000000
0000000011100000000
0000000011100000000
0000000111110000000
0000000111110000000
0000001111111000000
0000001111111000000
0000011111111100000
0000011111111100000
0000111111111110000
0000111111111110000
0001111111111111000
0001111111111111000
0011111111111111100
0011111111111111100
0111111111111111110
0111111111111111110
1111111111111111111
1111111111111111111
-
